1 
2 
3 
4 
5 
6 
7 
8 
9 
10 1 2 3 4 5 6 7 8 9 
11 1 2 3 4 5 6 7 8 9 
12 1 2 3 4 5 6 7 8 9 
13 1 2 3 4 5 6 7 8 9 
14 1 2 3 4 5 6 7 8 9 
15 1 2 3 4 5 6 7 8 9 
16 1 2 3 4 5 6 7 8 9 
17 1 2 3 4 5 6 7 8 9 
18 1 2 3 4 5 6 7 8 9 
19 1 2 3 4 5 6 7 8 9 
20 1 2 3 4 5 6 7 8 9 
21 1 2 3 4 5 6 7 8 9 
22 1 2 3 4 5 6 7 8 9 
23 1 2 3 4 5 6 7 8 9 
24 1 2 3 4 5 6 7 8 9 
25 1 2 3 4 5 6 7 8 9 
26 1 2 3 4 5 6 7 8 9 
27 1 2 3 4 5 6 7 8 9 
28 10 11 12 13 14 15 16 17 18 19 20 21 22 23 24 25 26 27 
29 10 11 12 13 14 15 16 17 18 19 20 21 22 23 24 25 26 27 
30 10 11 12 13 14 15 16 17 18 19 20 21 22 23 24 25 26 27 
31 10 11 12 13 14 15 16 17 18 19 20 21 22 23 24 25 26 27 
32 10 11 12 13 14 15 16 17 18 19 20 21 22 23 24 25 26 27 
33 10 11 12 13 14 15 16 17 18 19 20 21 22 23 24 25 26 27 
