1 4 5 6 7 8 9
2 4 5 6 7 8 9
3 4 5 6 7 8 9
4 10 11 12 13 14 15 16 17 18 19 20 21 22 23 24 25 26 27 28 29
5 10 11 12 13 14 15 16 17 18 19 20 21 22 23 24 25 26 27 28 29
6 10 11 12 13 14 15 16 17 18 19 20 21 22 23 24 25 26 27 28 29
7 10 11 12 13 14 15 16 17 18 19 20 21 22 23 24 25 26 27 28 29
8 10 11 12 13 14 15 16 17 18 19 20 21 22 23 24 25 26 27 28 29
9 10 11 12 13 14 15 16 17 18 19 20 21 22 23 24 25 26 27 28 29
10 30 31 32 33 34 35 36 37 38 39 40
11 30 31 32 33 34 35 36 37 38 39 40
12 30 31 32 33 34 35 36 37 38 39 40
13 30 31 32 33 34 35 36 37 38 39 40
14 30 31 32 33 34 35 36 37 38 39 40
15 30 31 32 33 34 35 36 37 38 39 40
16 30 31 32 33 34 35 36 37 38 39 40
17 30 31 32 33 34 35 36 37 38 39 40
18 30 31 32 33 34 35 36 37 38 39 40
19 30 31 32 33 34 35 36 37 38 39 40
20 30 31 32 33 34 35 36 37 38 39 40
21 30 31 32 33 34 35 36 37 38 39 40
22 30 31 32 33 34 35 36 37 38 39 40
23 30 31 32 33 34 35 36 37 38 39 40
24 30 31 32 33 34 35 36 37 38 39 40
25 30 31 32 33 34 35 36 37 38 39 40
26 30 31 32 33 34 35 36 37 38 39 40
27 30 31 32 33 34 35 36 37 38 39 40
28 30 31 32 33 34 35 36 37 38 39 40
29 30 31 32 33 34 35 36 37 38 39 40
30 41 42
31 41 42
32 41 42
33 41 42
34 41 42
35 41 42
36 41 42
37 41 42
38 41 42
39 41 42
40 41 42
